T1 = 13;
T2 = 2;
K = 6;
a1 = 1.2;
a2 = -0.9;
a3 = 0.25;
a4 = -0.5;




c1 = -(T1+T2)/(T1*T2);
c2 = -1/(T1*T2);
c4 = K/(T1*T2);
T = 0.5;

u_ = 1;
